-237, -150, -471
-237, -150, -471
-242, -136, -464
-242, -136, -464
-242, -136, -464
-248, -120, -469
-248, -120, -469
-252, -109, -462
-252, -109, -462
-256, -95, -465
-256, -95, -465
-256, -70, -470
-256, -70, -470
-256, -70, -470
-258, -57, -469
-258, -57, -469
-257, -45, -471
-257, -45, -471
-257, -27, -466
-257, -27, -466
-257, -7, -466
-254, -7, -471
-254, -7, -471
-251, -1, -465
-251, -1, -465
-247, 17, -467
-247, 17, -467
-241, 33, -467
-241, 33, -467
-241, 33, -467
-234, 46, -468
-234, 46, -468
-229, 54, -470
-229, 54, -470
-227, 66, -462
-227, 66, -462
-227, 79, -459
-219, 79, -459
-219, 79, -459
-212, 86, -455
-212, 86, -455
-206, 98, -455
-206, 98, -455
-194, 110, -455
-194, 110, -455
-194, 110, -455
-181, 118, -452
-181, 118, -452
-175, 125, -455
-175, 125, -455
-158, 138, -452
-158, 138, -452
-158, 145, -456
-151, 145, -456
-151, 145, -456
-131, 148, -454
-131, 148, -454
-115, 156, -458
-115, 156, -458
-103, 163, -457
-103, 163, -457
-103, 163, -457
-86, 166, -460
-86, 166, -460
-73, 165, -459
-73, 165, -459
-56, 172, -457
-56, 172, -457
-41, 170, -464
-41, 170, -464
-41, 170, -464
-24, 166, -459
-24, 166, -459
-13, 169, -463
-13, 169, -463
2, 171, -462
2, 171, -462
2, 171, -462
22, 163, -465
22, 163, -465
33, 155, -464
33, 155, -464
50, 153, -461
50, 153, -461
64, 146, -470
64, 146, -470
64, 146, -470
79, 136, -465
79, 136, -465
90, 125, -472
90, 125, -472
101, 118, -474
101, 118, -474
101, 118, -474
116, 105, -474
116, 105, -474
124, 93, -475
124, 93, -475
132, 90, -473
132, 90, -473
143, 71, -480
143, 71, -480
143, 71, -480
151, 54, -475
151, 54, -475
157, 42, -478
157, 42, -478
162, 30, -478
162, 30, -478
162, 30, -478
168, 8, -479
168, 8, -479
171, -6, -479
171, -6, -479
173, -17, -477
173, -17, -477
174, -33, -485
174, -33, -485
174, -33, -485
174, -53, -480
174, -53, -480
172, -68, -483
172, -68, -483
174, -74, -479
174, -74, -479
174, -99, -479
167, -99, -483
167, -99, -483
162, -114, -482
162, -114, -482
155, -128, -480
155, -128, -480
149, -141, -487
149, -141, -487
149, -141, -487
143, -157, -482
143, -157, -482
133, -168, -491
133, -168, -491
116, -182, -489
116, -182, -489
116, -196, -489
104, -196, -489
104, -196, -489
94, -208, -487
94, -208, -487
80, -217, -485
80, -217, -485
68, -223, -491
68, -223, -491
68, -223, -491
52, -234, -486
52, -234, -486
41, -242, -488
41, -242, -488
25, -244, -487
25, -244, -487
7, -249, -486
7, -249, -486
7, -249, -486
-7, -255, -485
-7, -255, -485
-21, -258, -481
-21, -258, -481
-38, -257, -488
-38, -257, -488
-38, -257, -488
-56, -258, -481
-56, -258, -481
-70, -259, -483
-70, -259, -483
-83, -255, -482
-83, -255, -482
-98, -250, -482
-98, -250, -482
-98, -250, -482
-112, -252, -481
-112, -252, -481
-128, -243, -477
-128, -243, -477
-141, -234, -482
-141, -234, -482
-141, -234, -482
-159, -228, -475
-159, -228, -475
-170, -224, -477
-170, -224, -477
-176, -223, -467
-176, -223, -467
-187, -215, -468
-187, -215, -468
-187, -215, -468
-200, -201, -468
-200, -201, -468
-212, -192, -465
-212, -192, -465
-222, -176, -468
-222, -176, -468
-222, -176, -468
-231, -163, -460
-236, -151, -471
-236, -151, -471
-241, -150, -462
-241, -150, -462
-246, -134, -464
-246, -134, -464
-246, -115, -459
-252, -115, -459
-252, -115, -459
-257, -113, -455
-257, -113, -455
-259, -84, -462
-259, -84, -462
-261, -73, -461
-261, -73, -461
-261, -73, -461
-265, -65, -453
-265, -65, -453
-262, -42, -458
-262, -42, -458
-264, -28, -460
-264, -28, -460
-258, -6, -457
-258, -6, -457
-258, -6, -457
-259, -1, -451
-259, -1, -451
-251, 19, -460
-251, 19, -460
-245, 38, -455
-245, 38, -455
-245, 38, -455
-238, 50, -462
-238, 50, -462
-233, 58, -454
-233, 58, -454
-231, 69, -452
-231, 69, -452
-208, 92, -459
-208, 92, -459
-208, 92, -459
-212, 91, -452
-212, 91, -452
-192, 107, -458
-192, 107, -458
-188, 120, -450
-188, 120, -450
-188, 120, -450
-163, 130, -462
-163, 130, -462
-165, 131, -447
-165, 131, -447
-143, 143, -464
-143, 143, -464
-127, 154, -453
-127, 154, -453
-127, 154, -453
-109, 153, -465
-109, 153, -465
-103, 160, -457
-103, 160, -457
-96, 168, -451
-96, 168, -451
-96, 168, -451
-66, 166, -465
-66, 166, -465
-65, 168, -451
-65, 168, -451
-38, 169, -467
-38, 169, -467
-30, 174, -453
-30, 174, -453
-30, 174, -453
-5, 163, -471
-5, 163, -471
4, 164, -462
4, 164, -462
14, 168, -457
14, 168, -457
14, 168, -457
36, 157, -466
36, 157, -466
45, 154, -456
45, 154, -456
64, 142, -471
64, 142, -471
73, 144, -458
73, 144, -458
73, 144, -458
92, 123, -475
92, 123, -475
97, 125, -461
97, 125, -461
114, 108, -474
114, 108, -474
114, 100, -474
123, 100, -470
123, 100, -470
132, 90, -463
132, 90, -463
142, 73, -475
142, 73, -475
151, 67, -467
151, 67, -467
151, 67, -467
156, 46, -482
156, 46, -482
162, 35, -467
162, 35, -467
167, 15, -479
167, 15, -479
167, 10, -469
174, 10, -469
174, 10, -469
172, -21, -477
172, -21, -477
176, -25, -475
176, -25, -475
175, -46, -479
175, -46, -479
175, -46, -479
176, -60, -482
176, -60, -482
179, -69, -472
179, -69, -472
168, -94, -483
168, -94, -483
168, -105, -476
168, -105, -476
168, -105, -476
161, -126, -482
161, -126, -482
151, -139, -484
151, -139, -484
144, -152, -481
144, -152, -481
144, -152, -481
134, -167, -482
134, -167, -482
131, -177, -475
131, -177, -475
120, -188, -485
120, -188, -485
106, -199, -484
106, -199, -484
106, -199, -484
88, -215, -481
88, -215, -481
81, -222, -482
81, -222, -482
66, -230, -480
66, -230, -480
66, -230, -480
49, -239, -487
49, -239, -487
32, -246, -479
32, -246, -479
19, -249, -485
19, -249, -485
2, -251, -484
2, -251, -484
2, -251, -484
-16, -258, -481
-16, -258, -481
-31, -260, -482
-31, -260, -482
-43, -261, -476
-43, -261, -476
-43, -261, -476
-61, -261, -480
-61, -261, -480
-76, -261, -473
-76, -261, -473
-92, -257, -476
-92, -257, -476
-106, -252, -476
-106, -252, -476
-106, -252, -476
-118, -250, -474
-118, -250, -474
-134, -247, -475
-134, -247, -475
-151, -236, -471
-151, -236, -471
-151, -236, -471
-164, -228, -476
-164, -228, -476
-176, -223, -468
-176, -223, -468
-188, -212, -470
-188, -212, -470
-197, -204, -467
-197, -204, -467
-197, -204, -467
-207, -200, -458
-207, -200, -458
-220, -179, -468
-220, -179, -468
-229, -164, -465
-229, -164, -465
-238, -141, -476
-238, -141, -476
-242, -131, -474
-242, -131, -474
-245, -122, -472
-245, -122, -472
-250, -105, -469
-250, -105, -469
-254, -88, -473
-254, -88, -473
-254, -88, -473
-256, -75, -468
-256, -75, -468
-257, -61, -470
-257, -61, -470
-257, -44, -469
-257, -44, -469
-257, -44, -469
-257, -28, -469
-257, -28, -469
-256, -22, -469
-256, -22, -469
-252, 0, -465
-252, 0, -465
-247, 17, -472
-247, 17, -472
-247, 17, -472
-243, 25, -465
-243, 25, -465
-241, 36, -468
-241, 36, -468
-234, 51, -467
-234, 51, -467
-234, 51, -467
-229, 60, -458
-229, 60, -458
-225, 65, -458
-225, 65, -458
-219, 84, -452
-219, 84, -452
-205, 99, -460
-205, 99, -460
-205, 99, -460
-196, 105, -451
-196, 105, -451
-187, 114, -456
-187, 114, -456
-176, 127, -456
-176, 127, -456
-176, 136, -456
-158, 136, -457
-158, 136, -457
-145, 139, -457
-145, 139, -457
-133, 151, -453
-133, 151, -453
-120, 157, -461
-120, 157, -461
-120, 157, -461
-103, 159, -461
-103, 159, -461
-92, 161, -461
-92, 161, -461
-76, 168, -460
-76, 168, -460
-76, 169, -460
-57, 169, -463
-57, 169, -463
-42, 166, -465
-42, 166, -465
-28, 168, -457
-28, 168, -457
-10, 168, -470
-10, 168, -470
-10, 168, -470
8, 162, -466
8, 162, -466
18, 158, -470
18, 158, -470
33, 158, -467
33, 158, -467
33, 149, -468
52, 149, -468
52, 149, -468
61, 142, -470
61, 142, -470
74, 136, -467
74, 136, -467
88, 130, -475
88, 130, -475
88, 130, -475
102, 121, -468
102, 121, -468
106, 119, -461
106, 119, -461
120, 103, -471
120, 103, -471
132, 92, -472
132, 92, -472
132, 92, -472
141, 72, -474
141, 72, -474
148, 65, -470
148, 65, -470
155, 50, -479
155, 50, -479
155, 50, -479
163, 32, -473
163, 32, -473
169, 23, -472
169, 23, -472
169, 7, -478
169, 7, -478
174, -9, -480
174, -9, -480
174, -9, -480
175, -29, -481
175, -29, -481
175, -48, -476
175, -48, -476
173, -59, -484
173, -59, -484
173, -59, -484
171, -75, -480
171, -75, -480
167, -94, -484
167, -94, -484
165, -105, -482
165, -105, -482
157, -123, -484
157, -123, -484
157, -123, -484
156, -134, -476
156, -134, -476
157, -143, -472
157, -143, -472
137, -161, -487
137, -161, -487
137, -161, -487
130, -176, -477
130, -176, -477
130, -185, -478
130, -185, -478
110, -196, -478
110, -196, -478
106, -209, -475
106, -209, -475
106, -209, -475
82, -221, -481
82, -221, -481
81, -231, -471
81, -231, -471
59, -237, -484
59, -237, -484
59, -243, -484
52, -243, -469
52, -243, -469
22, -248, -481
22, -248, -481
19, -257, -470
19, -257, -470
-8, -256, -481
-8, -256, -481
-8, -256, -481
-20, -261, -476
-20, -261, -476
-28, -270, -467
-28, -270, -467
-56, -261, -479
-56, -261, -479
-56, -266, -466
-63, -266, -466
-63, -266, -466
-87, -261, -473
-87, -261, -473
-91, -266, -465
-91, -266, -465
-120, -247, -476
-120, -247, -476
-120, -247, -476
-126, -254, -465
-126, -254, -465
-149, -240, -471
-149, -240, -471
-156, -241, -466
-156, -241, -466
-156, -219, -469
-176, -219, -469
-176, -219, -469
-184, -217, -467
-184, -217, -467
-192, -216, -458
-192, -216, -458
-209, -190, -470
-209, -190, -470
-209, -190, -470
-217, -191, -459
-217, -191, -459
-228, -173, -465
-228, -173, -465
-237, -142, -476
-239, -135, -474
-239, -135, -474
-239, -121, -474
-244, -121, -471
-244, -121, -471
-250, -110, -469
-250, -110, -469
-253, -94, -473
-253, -94, -473
-254, -78, -469
-254, -78, -469
-254, -78, -469
-256, -64, -472
-256, -64, -472
-258, -50, -468
-258, -50, -468
-256, -32, -469
-256, -32, -469
-256, -17, -469
-252, -17, -469
-252, -17, -469
-253, -6, -467
-253, -6, -467
-250, 8, -470
-250, 8, -470
-245, 27, -465
-245, 27, -465
-245, 27, -465
-237, 37, -471
-237, 37, -471
-235, 45, -466
-235, 45, -466
-225, 65, -468
-225, 65, -468
-225, 80, -469
-213, 80, -469
-213, 80, -469
-205, 87, -467
-205, 87, -467
-197, 98, -469
-197, 98, -469
-186, 112, -465
-186, 112, -465
-186, 112, -465
-171, 119, -473
-171, 119, -473
-162, 125, -466
-162, 125, -466
-151, 138, -468
-151, 138, -468
-138, 143, -470
-138, 143, -470
-138, 143, -470
-120, 147, -470
-120, 147, -470
-109, 153, -471
-109, 153, -471
-93, 161, -468
-93, 161, -468
-93, 161, -468
-77, 161, -475
-77, 161, -475
-65, 161, -468
-65, 161, -468
-51, 166, -472
-51, 166, -472
-34, 166, -473
-34, 166, -473
-34, 166, -473
-19, 162, -473
-19, 162, -473
-6, 161, -474
-6, 161, -474
1, 167, -463
1, 167, -463
1, 167, -463
22, 160, -471
22, 160, -471
33, 153, -466
33, 153, -466
46, 152, -469
46, 152, -469
61, 145, -471
61, 145, -471
61, 145, -471
75, 134, -472
75, 134, -472
84, 128, -474
84, 128, -474
98, 124, -470
98, 124, -470
98, 109, -470
112, 109, -477
112, 109, -477
118, 100, -465
118, 100, -465
130, 88, -473
130, 88, -473
139, 75, -475
139, 75, -475
139, 75, -475
148, 59, -478
148, 59, -478
153, 45, -479
153, 45, -479
160, 35, -475
160, 35, -475
160, 23, -475
167, 23, -478
167, 23, -478
174, 13, -465
174, 13, -465
172, -11, -478
172, -11, -478
177, -20, -477
177, -20, -477
177, -20, -477
180, -37, -477
180, -37, -477
177, -54, -475
177, -54, -475
175, -70, -475
175, -70, -475
175, -83, -482
173, -83, -482
173, -83, -482
166, -103, -480
166, -103, -480
167, -115, -478
167, -115, -478
155, -131, -483
155, -131, -483
155, -131, -483
146, -150, -483
146, -150, -483
136, -164, -485
136, -164, -485
127, -176, -481
127, -176, -481
117, -187, -489
117, -187, -489
117, -187, -489
105, -200, -480
105, -200, -480
94, -210, -484
94, -210, -484
84, -217, -484
84, -217, -484
84, -217, -484
61, -229, -489
61, -229, -489
51, -237, -488
51, -237, -488
32, -243, -484
32, -243, -484
16, -246, -491
16, -246, -491
16, -246, -491
0, -252, -482
0, -252, -482
-14, -257, -485
-14, -257, -485
-30, -255, -485
-30, -255, -485
-30, -255, -485
-48, -256, -484
-48, -256, -484
-60, -259, -482
-60, -259, -482
-76, -257, -480
-76, -257, -480
-95, -250, -485
-95, -250, -485
-95, -250, -485
-109, -250, -478
-109, -250, -478
-122, -247, -481
-122, -247, -481
-136, -238, -479
-136, -238, -479
-136, -238, -479
-153, -231, -479
-153, -231, -479
-164, -226, -478
-164, -226, -478
-177, -216, -473
-177, -216, -473
-189, -203, -480
-189, -203, -480
-189, -203, -480
-198, -197, -472
-198, -197, -472
-208, -187, -475
-208, -187, -475
-219, -171, -473
-219, -171, -473
-219, -156, -473
-229, -156, -473
-229, -156, -473
-238, -141, -477
-236, -142, -474
-236, -142, -474
-241, -127, -471
-241, -127, -471
-241, -109, -472
-249, -109, -472
-249, -109, -472
-252, -97, -470
-252, -97, -470
-256, -82, -466
-256, -82, -466
-257, -63, -473
-257, -63, -473
-257, -63, -473
-257, -47, -467
-257, -47, -467
-257, -38, -470
-257, -38, -470
-255, -22, -467
-255, -22, -467
-252, 0, -469
-252, 0, -469
-252, 0, -469
-248, 6, -468
-248, 6, -468
-245, 22, -464
-245, 22, -464
-238, 40, -471
-238, 40, -471
-238, 40, -471
-231, 52, -465
-231, 52, -465
-224, 61, -469
-224, 61, -469
-218, 74, -467
-218, 74, -467
-205, 91, -469
-205, 91, -469
-205, 91, -469
-195, 96, -469
-195, 96, -469
-189, 107, -464
-189, 107, -464
-181, 119, -470
-181, 119, -470
-181, 119, -470
-161, 129, -466
-161, 129, -466
-149, 132, -470
-149, 132, -470
-139, 142, -467
-139, 142, -467
-122, 152, -471
-122, 152, -471
-122, 152, -471
-109, 151, -472
-109, 151, -472
-100, 157, -468
-100, 157, -468
-84, 164, -473
-84, 164, -473
-84, 164, -473
-68, 164, -468
-68, 164, -468
-53, 163, -474
-53, 163, -474
-48, 170, -463
-48, 170, -463
-26, 171, -467
-26, 171, -467
-26, 171, -467
-11, 164, -469
-11, 164, -469
2, 163, -466
2, 163, -466
14, 163, -471
14, 163, -471
14, 156, -471
34, 156, -465
34, 156, -465
43, 150, -469
43, 150, -469
57, 147, -468
57, 147, -468
74, 138, -472
74, 138, -472
74, 138, -472
87, 128, -472
87, 128, -472
98, 117, -472
98, 117, -472
108, 112, -476
108, 112, -476
108, 100, -471
120, 100, -471
120, 100, -471
130, 86, -476
130, 86, -476
137, 78, -473
137, 78, -473
147, 65, -477
147, 65, -477
147, 65, -477
154, 46, -479
154, 46, -479
160, 39, -471
160, 39, -471
166, 38, -468
166, 38, -468
166, 5, -477
169, 5, -477
169, 5, -477
176, 0, -470
176, 0, -470
173, -25, -478
173, -25, -478
175, -38, -481
175, -38, -481
175, -38, -481
176, -55, -483
176, -55, -483
174, -71, -479
174, -71, -479
173, -82, -479
173, -82, -479
166, -103, -481
166, -103, -481
166, -103, -481
162, -118, -485
162, -118, -485
156, -131, -481
156, -131, -481
148, -142, -484
148, -142, -484
148, -142, -484
147, -156, -481
147, -156, -481
128, -176, -482
128, -176, -482
121, -184, -486
121, -184, -486
107, -196, -481
107, -196, -481
107, -196, -481
103, -208, -485
103, -208, -485
87, -218, -483
87, -218, -483
62, -227, -488
62, -227, -488
62, -227, -488
47, -236, -488
47, -236, -488
33, -245, -483
33, -245, -483
19, -247, -487
19, -247, -487
1, -251, -485
1, -251, -485
1, -251, -485
-11, -255, -487
-11, -255, -487
-24, -258, -483
-24, -258, -483
-44, -256, -485
-44, -256, -485
-44, -256, -485
-61, -256, -483
-61, -256, -483
-77, -258, -480
-77, -258, -480
-88, -256, -484
-88, -256, -484
-107, -247, -479
-107, -247, -479
-107, -247, -479
-122, -245, -482
-122, -245, -482
-135, -241, -477
-135, -241, -477
-148, -233, -479
-148, -233, -479
-148, -233, -479
-158, -224, -477
-158, -224, -477
-175, -218, -473
-175, -218, -473
-187, -207, -478
-187, -207, -478
-198, -193, -473
-198, -193, -473
-198, -193, -473
-208, -184, -477
-208, -184, -477
-217, -176, -471
-217, -176, -471
-226, -158, -474
-226, -158, -474
-226, -144, -474
-236, -143, -476
-237, -141, -476
-237, -141, -476
-243, -129, -470
-243, -129, -470
-248, -111, -471
-248, -111, -471
-251, -94, -471
-251, -94, -471
-251, -94, -471
-254, -81, -469
-254, -81, -469
-256, -72, -470
-256, -72, -470
-257, -50, -468
-257, -50, -468
-257, -50, -468
-255, -36, -471
-255, -36, -471
-256, -24, -467
-256, -24, -467
-252, -6, -468
-252, -6, -468
-249, 8, -469
-249, 8, -469
-249, 8, -469
-244, 22, -466
-244, 22, -466
-240, 32, -469
-240, 32, -469
-232, 51, -465
-232, 51, -465
-232, 51, -465
-224, 64, -471
-224, 64, -471
-219, 70, -464
-219, 70, -464
-211, 83, -468
-211, 83, -468
-197, 99, -469
-197, 99, -469
-197, 99, -469
-187, 107, -468
-187, 107, -468
-180, 114, -469
-180, 114, -469
-166, 129, -465
-166, 129, -465
-166, 129, -465
-151, 134, -471
-151, 134, -471
-143, 137, -465
-143, 137, -465
-130, 148, -468
-130, 148, -468
-111, 155, -470
-111, 155, -470
-111, 155, -470
-94, 156, -471
-94, 156, -471
-85, 159, -472
-85, 159, -472
-69, 167, -468
-69, 167, -468
-69, 165, -468
-52, 165, -475
-52, 165, -475
-40, 163, -471
-40, 163, -471
-26, 166, -472
-26, 166, -472
-9, 165, -474
-9, 165, -474
-9, 165, -474
8, 160, -475
8, 160, -475
17, 156, -476
17, 156, -476
34, 154, -472
34, 154, -472
34, 147, -479
50, 147, -479
50, 147, -479
64, 138, -475
64, 138, -475
74, 132, -477
74, 132, -477
86, 126, -478
86, 126, -478
86, 126, -478
101, 114, -481
101, 114, -481
106, 103, -481
106, 103, -481
118, 96, -477
118, 96, -477
118, 92, -479
127, 92, -479
127, 92, -479
136, 77, -473
136, 77, -473
145, 71, -476
145, 71, -476
152, 53, -478
152, 53, -478
152, 53, -478
160, 34, -479
160, 34, -479
164, 20, -478
164, 20, -478
169, 9, -476
169, 9, -476
171, -9, -484
171, -9, -484
171, -9, -484
173, -24, -478
173, -24, -478
175, -37, -481
175, -37, -481
174, -54, -481
174, -54, -481
174, -54, -481
172, -70, -483
172, -70, -483
169, -86, -483
169, -86, -483
167, -100, -481
167, -100, -481
161, -115, -485
161, -115, -485
161, -115, -485
166, -123, -470
166, -123, -470
151, -145, -483
151, -145, -483
142, -154, -484
142, -154, -484
142, -154, -484
134, -172, -485
134, -172, -485
123, -184, -479
123, -184, -479
110, -197, -480
110, -197, -480
97, -205, -488
97, -205, -488
97, -205, -488
85, -219, -479
85, -219, -479
74, -228, -482
74, -228, -482
61, -232, -483
61, -232, -483
61, -232, -483
42, -242, -482
42, -242, -482
29, -248, -480
29, -248, -480
15, -253, -477
15, -253, -477
-2, -254, -484
-2, -254, -484
-2, -254, -484
-15, -260, -477
-15, -260, -477
-32, -263, -480
-32, -263, -480
-49, -260, -478
-49, -260, -478
-49, -258, -478
-68, -258, -478
-68, -258, -478
-72, -265, -470
-72, -265, -470
-97, -258, -473
-97, -258, -473
-113, -250, -479
-113, -250, -479
-113, -250, -479
-128, -248, -473
-128, -248, -473
-142, -242, -475
-142, -242, -475
-154, -231, -472
-154, -231, -472
-154, -215, -477
-174, -215, -477
-174, -215, -477
-186, -208, -477
-186, -208, -477
-197, -200, -471
-197, -200, -471
-207, -185, -478
-207, -185, -478
-207, -185, -478
-217, -174, -473
-217, -174, -473
-223, -165, -474
-223, -165, -474
-229, -153, -472
-236, -143, -476
-236, -143, -476
-236, -124, -476
-241, -124, -469
-241, -124, -469
-246, -114, -473
-246, -114, -473
-251, -100, -469
-251, -100, -469
-255, -80, -471
-255, -80, -471
-255, -80, -471
-254, -70, -470
-254, -70, -470
-258, -60, -468
-258, -60, -468
-258, -42, -472
-258, -42, -472
-258, -20, -466
-255, -20, -466
-255, -20, -466
-252, -11, -469
-252, -11, -469
-250, 2, -465
-250, 2, -465
-244, 23, -468
-244, 23, -468
-244, 23, -468
-239, 33, -468
-239, 33, -468
-234, 44, -466
-234, 44, -466
-226, 61, -470
-226, 61, -470
-219, 74, -466
-219, 74, -466
-219, 74, -466
-208, 83, -470
-208, 83, -470
-201, 95, -465
-201, 95, -465
-189, 109, -469
-189, 109, -469
-189, 109, -469
-178, 115, -469
-178, 115, -469
-167, 122, -466
-167, 122, -466
-154, 134, -469
-154, 134, -469
-139, 143, -466
-139, 143, -466
-139, 143, -466
-124, 145, -472
-124, 145, -472
-120, 150, -467
-120, 150, -467
-99, 159, -470
-99, 159, -470
-99, 159, -470
-86, 161, -470
-86, 161, -470
-70, 160, -469
-70, 160, -469
-58, 165, -473
-58, 165, -473
-41, 169, -470
-41, 169, -470
-41, 169, -470
-25, 164, -476
-25, 164, -476
-13, 162, -471
-13, 162, -471
3, 163, -474
3, 163, -474
3, 163, -474
14, 159, -474
14, 159, -474
31, 151, -474
31, 151, -474
40, 151, -477
40, 151, -477
60, 143, -475
60, 143, -475
60, 143, -475
74, 132, -481
74, 132, -481
83, 125, -477
83, 125, -477
97, 119, -478
97, 119, -478
97, 107, -478
109, 107, -480
109, 107, -480
119, 94, -479
119, 94, -479
127, 85, -482
127, 85, -482
138, 73, -479
138, 73, -479
138, 73, -479
145, 57, -486
145, 57, -486
151, 46, -483
151, 46, -483
158, 36, -484
158, 36, -484
158, 27, -478
162, 27, -478
162, 27, -478
166, 8, -477
166, 8, -477
170, -5, -481
170, -5, -481
173, -18, -478
173, -18, -478
173, -18, -478
176, -33, -485
176, -33, -485
175, -49, -480
175, -49, -480
175, -63, -480
175, -63, -480
171, -82, -484
171, -82, -484
171, -82, -484
166, -100, -481
166, -100, -481
162, -113, -484
162, -113, -484
158, -127, -480
158, -127, -480
158, -127, -480
149, -143, -487
149, -143, -487
144, -156, -480
144, -156, -480
132, -169, -484
132, -169, -484
122, -181, -484
122, -181, -484
122, -181, -484
125, -191, -473
125, -191, -473
102, -205, -483
102, -205, -483
95, -213, -477
95, -213, -477
95, -213, -477
85, -222, -482
85, -222, -482
63, -234, -479
63, -234, -479
64, -241, -477
64, -241, -477
40, -245, -481
40, -245, -481
40, -245, -481
18, -253, -480
18, -253, -480
5, -257, -481
5, -257, -481
-15, -258, -477
-15, -258, -477
-15, -258, -477
-32, -260, -481
-32, -260, -481
-41, -263, -472
-41, -263, -472
-61, -261, -477
-61, -261, -477
-80, -256, -478
-80, -256, -478
-80, -256, -478
-97, -256, -476
-97, -256, -476
-108, -255, -477
-108, -255, -477
-125, -245, -472
-125, -245, -472
-125, -233, -472
-143, -233, -482
-143, -233, -482
-155, -230, -475
-155, -230, -475
-170, -221, -477
-170, -221, -477
-182, -207, -476
-182, -207, -476
-182, -207, -476
-196, -198, -477
-196, -198, -477
-205, -192, -475
-205, -192, -475
-215, -177, -472
-215, -177, -472
-215, -164, -478
-223, -164, -478
-223, -164, -478
-232, -152, -470
-236, -141, -477
-236, -141, -477
-240, -130, -470
-240, -130, -470
-246, -112, -475
-246, -112, -475
-246, -112, -475
-250, -100, -468
-250, -100, -468
-253, -90, -470
-253, -90, -470
-256, -74, -470
-256, -74, -470
-256, -53, -470
-257, -53, -468
-257, -53, -468
-256, -46, -471
-256, -46, -471
-257, -29, -466
-257, -29, -466
-253, -11, -472
-253, -11, -472
-253, -11, -472
-248, 5, -466
-248, 5, -466
-246, 15, -469
-246, 15, -469
-241, 31, -468
-241, 31, -468
-241, 49, -467
-233, 49, -467
-233, 49, -467
-227, 53, -468
-227, 53, -468
-226, 66, -464
-226, 66, -464
-210, 84, -470
-210, 84, -470
-210, 84, -470
-199, 94, -466
-199, 94, -466
-192, 101, -470
-192, 101, -470
-181, 114, -468
-181, 114, -468
-165, 126, -470
-165, 126, -470
-165, 126, -470
-155, 128, -469
-155, 128, -469
-144, 138, -465
-144, 138, -465
-132, 148, -471
-132, 148, -471
-132, 148, -471
-113, 152, -468
-113, 152, -468
-105, 152, -471
-105, 152, -471
-93, 160, -469
-93, 160, -469
-71, 165, -472
-71, 165, -472
-71, 165, -472
-57, 162, -473
-57, 162, -473
-44, 165, -469
-44, 165, -469
-29, 168, -475
-29, 168, -475
-29, 168, -475
-13, 165, -471
-13, 165, -471
-2, 160, -475
-2, 160, -475
12, 162, -472
12, 162, -472
32, 157, -476
32, 157, -476
32, 157, -476
43, 148, -478
43, 148, -478
55, 143, -475
55, 143, -475
68, 140, -479
68, 140, -479
68, 140, -479
85, 129, -476
85, 129, -476
95, 114, -480
95, 114, -480
105, 110, -477
105, 110, -477
116, 102, -481
116, 102, -481
116, 102, -481
127, 85, -482
127, 85, -482
133, 74, -480
133, 74, -480
143, 64, -485
143, 64, -485
143, 47, -485
152, 47, -480
152, 47, -480
157, 31, -486
157, 31, -486
161, 22, -483
161, 22, -483
167, 5, -486
167, 5, -486
167, 5, -486
170, -12, -486
170, -12, -486
171, -24, -485
171, -24, -485
171, -38, -490
171, -38, -490
171, -51, -479
174, -51, -479
174, -51, -479
174, -66, -482
174, -66, -482
172, -78, -479
172, -78, -479
168, -95, -483
168, -95, -483
168, -95, -483
162, -112, -484
162, -112, -484
159, -128, -480
159, -128, -480
151, -140, -486
151, -140, -486
145, -151, -479
145, -151, -479
145, -151, -479
139, -164, -483
139, -164, -483
128, -177, -479
128, -177, -479
114, -191, -485
114, -191, -485
114, -191, -485
102, -204, -484
102, -204, -484
90, -216, -480
90, -216, -480
78, -222, -485
78, -222, -485
62, -229, -480
62, -229, -480
62, -229, -480
63, -240, -474
63, -240, -474
39, -245, -479
39, -245, -479
21, -249, -482
21, -249, -482
21, -249, -482
8, -254, -481
8, -254, -481
-6, -262, -476
-6, -262, -476
-26, -259, -481
-26, -259, -481
-43, -259, -476
-43, -259, -476
-43, -259, -476
-61, -261, -480
-61, -261, -480
-75, -261, -475
-75, -261, -475
-92, -254, -476
-92, -254, -476
-92, -254, -476
-105, -252, -475
-105, -252, -475
-121, -251, -472
-121, -251, -472
-134, -245, -475
-134, -245, -475
-151, -234, -471
-151, -234, -471
-151, -234, -471
-162, -229, -474
-162, -229, -474
-176, -223, -470
-176, -223, -470
-189, -207, -470
-189, -207, -470
-189, -195, -470
-199, -195, -470
-199, -195, -470
-212, -188, -466
-212, -188, -466
-217, -178, -470
-217, -178, -470
-227, -162, -466
-227, -162, -466
-230, -136, -478
-230, -136, -478
-230, -122, -478
-236, -122, -476
-236, -122, -476
-241, -111, -475
-241, -111, -475
-245, -105, -471
-245, -105, -471
-248, -79, -479
-248, -79, -479
-248, -79, -479
-249, -65, -472
-249, -65, -472
-250, -55, -475
-250, -55, -475
-250, -35, -473
-250, -35, -473
-250, -18, -473
-249, -18, -473
-249, -18, -473
-245, -11, -473
-245, -11, -473
-243, 5, -470
-243, 5, -470
-238, 24, -475
-238, 24, -475
-238, 24, -475
-231, 35, -471
-231, 35, -471
-228, 42, -470
-228, 42, -470
-229, 49, -461
-229, 49, -461
-217, 69, -465
-217, 69, -465
-217, 69, -465
-209, 76, -465
-209, 76, -465
-203, 87, -460
-203, 87, -460
-189, 103, -468
-189, 103, -468
-189, 103, -468
-177, 109, -464
-177, 109, -464
-170, 114, -468
-170, 114, -468
-153, 129, -467
-153, 129, -467
-138, 135, -468
-138, 135, -468
-138, 135, -468
-126, 139, -469
-126, 139, -469
-116, 145, -466
-116, 145, -466
-103, 152, -473
-103, 152, -473
-103, 152, -473
-87, 154, -467
-87, 154, -467
-70, 153, -473
-70, 153, -473
-64, 159, -465
-64, 159, -465
-49, 165, -462
-49, 165, -462
-49, 165, -462
-27, 155, -474
-27, 155, -474
-23, 158, -466
-23, 158, -466
-4, 157, -477
-4, 157, -477
-4, 157, -477
17, 150, -472
17, 150, -472
23, 150, -469
23, 150, -469
38, 145, -471
38, 145, -471
58, 135, -477
58, 135, -477
58, 135, -477
66, 133, -472
66, 133, -472
80, 119, -475
80, 119, -475
92, 111, -483
92, 111, -483
92, 100, -483
103, 100, -479
103, 100, -479
110, 89, -484
110, 89, -484
122, 78, -482
122, 78, -482
132, 68, -486
132, 68, -486
132, 68, -486
137, 52, -487
137, 52, -487
145, 39, -485
145, 39, -485
148, 31, -492
148, 31, -492
148, 8, -492
152, 8, -490
152, 8, -490
157, -2, -496
157, -2, -496
158, -26, -495
158, -26, -495
159, -34, -498
159, -34, -498
159, -34, -498
160, -54, -499
160, -54, -499
157, -70, -498
157, -70, -498
154, -79, -502
154, -79, -502
154, -94, -497
152, -94, -497
152, -94, -497
148, -112, -501
148, -112, -501
141, -123, -500
141, -123, -500
136, -132, -502
136, -132, -502
136, -132, -502
126, -153, -504
126, -153, -504
120, -164, -501
120, -164, -501
109, -170, -506
109, -170, -506
99, -181, -501
99, -181, -501
99, -181, -501
89, -193, -505
89, -193, -505
76, -204, -503
76, -204, -503
68, -209, -504
68, -209, -504
68, -209, -504
55, -220, -506
55, -220, -506
41, -230, -502
41, -230, -502
29, -232, -508
29, -232, -508
11, -234, -503
11, -234, -503
11, -234, -503
1, -238, -505
1, -238, -505
-11, -241, -500
-11, -241, -500
-22, -239, -503
-22, -239, -503
-22, -239, -503
-36, -241, -500
-36, -241, -500
-49, -244, -498
-49, -244, -498
-62, -241, -504
-62, -241, -504
-78, -240, -499
-78, -240, -499
-78, -240, -499
-94, -234, -502
-94, -234, -502
-107, -236, -498
-107, -236, -498
-122, -224, -499
-122, -224, -499
-122, -224, -499
-137, -221, -499
-137, -221, -499
-145, -215, -497
-145, -215, -497
-158, -208, -500
-158, -208, -500
-169, -201, -494
-169, -201, -494
-169, -201, -494
-182, -187, -499
-182, -187, -499
-191, -185, -493
-191, -185, -493
-197, -170, -496
-197, -170, -496
-197, -160, -496
-206, -160, -492
-206, -160, -492
-215, -147, -490
-223, -130, -476
-223, -130, -476
-227, -117, -476
-227, -117, -476
-232, -105, -474
-232, -105, -474
-232, -105, -474
-235, -89, -472
-235, -89, -472
-238, -80, -474
-238, -80, -474
-239, -65, -466
-239, -65, -466
-239, -65, -466
-240, -55, -470
-240, -55, -470
-242, -49, -462
-242, -49, -462
-241, -29, -465
-241, -29, -465
-238, -14, -464
-238, -14, -464
-238, -14, -464
-233, 0, -464
-233, 0, -464
-236, 5, -462
-236, 5, -462
-227, 23, -461
-227, 23, -461
-227, 23, -461
-218, 42, -467
-218, 42, -467
-213, 48, -461
-213, 48, -461
-207, 65, -462
-207, 65, -462
-198, 75, -462
-198, 75, -462
-198, 75, -462
-187, 83, -464
-187, 83, -464
-181, 91, -463
-181, 91, -463
-171, 102, -460
-171, 102, -460
-171, 114, -460
-157, 114, -462
-157, 114, -462
-158, 111, -449
-158, 111, -449
-141, 126, -461
-141, 126, -461
-126, 131, -464
-126, 131, -464
-126, 131, -464
-105, 137, -466
-105, 137, -466
-105, 137, -456
-105, 137, -456
-92, 146, -457
-92, 146, -457
-92, 149, -462
-75, 149, -462
-75, 149, -462
-54, 145, -463
-54, 145, -463
-44, 149, -465
-44, 149, -465
-29, 150, -464
-29, 150, -464
-29, 150, -464
-9, 145, -470
-9, 145, -470
0, 141, -467
0, 141, -467
17, 138, -471
17, 138, -471
30, 136, -478
30, 136, -478
30, 136, -478
46, 125, -475
46, 125, -475
55, 123, -475
55, 123, -475
65, 116, -476
65, 116, -476
65, 116, -476
81, 105, -480
81, 105, -480
82, 98, -478
82, 98, -478
97, 93, -475
97, 93, -475
108, 78, -483
108, 78, -483
108, 78, -483
117, 64, -479
117, 64, -479
125, 53, -482
125, 53, -482
128, 47, -480
128, 47, -480
128, 47, -480
138, 26, -483
138, 26, -483
139, 15, -484
139, 15, -484
144, 12, -481
144, 12, -481
148, -8, -487
148, -8, -487
148, -8, -487
149, -23, -482
149, -23, -482
151, -36, -485
151, -36, -485
151, -46, -485
151, -46, -485
151, -46, -485
148, -66, -487
148, -66, -487
146, -82, -485
146, -82, -485
143, -90, -484
143, -90, -484
140, -101, -491
140, -101, -491
140, -101, -491
136, -112, -485
136, -112, -485
128, -134, -488
128, -134, -488
123, -135, -487
123, -135, -487
123, -152, -487
121, -152, -480
121, -152, -480
114, -161, -477
114, -161, -477
107, -169, -476
107, -169, -476
95, -180, -484
95, -180, -484
95, -180, -484
89, -187, -475
89, -187, -475
76, -202, -479
76, -202, -479
64, -206, -480
64, -206, -480
64, -215, -478
46, -215, -478
46, -215, -478
37, -222, -480
37, -222, -480
25, -227, -475
25, -227, -475
5, -230, -482
5, -230, -482
5, -230, -482
-3, -235, -475
-3, -235, -475
-18, -239, -480
-18, -239, -480
-29, -238, -476
-29, -238, -476
-51, -237, -479
-51, -237, -479
-51, -237, -479
-56, -240, -474
-56, -240, -474
-73, -241, -468
-73, -241, -468
-76, -243, -467
-76, -243, -467
-76, -243, -467
-106, -233, -467
-106, -233, -467
-104, -240, -463
-104, -240, -463
-130, -223, -469
-130, -223, -469
-135, -226, -461
-135, -226, -461
-135, -226, -461
-156, -209, -468
-156, -209, -468
-157, -217, -455
-157, -217, -455
-178, -192, -471
-178, -192, -471
-178, -192, -471
-187, -185, -465
-187, -185, -465
-197, -176, -466
-197, -176, -466
-204, -161, -465
-204, -161, -465
-215, -145, -466
-215, -145, -466
-237, -133, -470
-237, -133, -470
-20, -115, -476
-240, -115, -476
-244, -108, -471
-244, -108, -471
-247, -90, -474
-247, -90, -474
-247, -90, -474
-250, -69, -474
-250, -69, -474
-253, -63, -471
-253, -63, -471
-251, -52, -474
-251, -52, -474
-249, -25, -471
-249, -25, -471
-249, -25, -471
-247, -16, -474
-247, -16, -474
-249, -5, -470
-249, -5, -470
-243, 14, -472
-243, 14, -472
-243, 14, -472
-237, 26, -472
-237, 26, -472
-233, 36, -468
-233, 36, -468
-228, 49, -473
-228, 49, -473
-216, 68, -470
-216, 68, -470
-216, 68, -470
-208, 76, -475
-208, 76, -475
-203, 84, -469
-203, 84, -469
-189, 102, -473
-189, 102, -473
-189, 102, -473
-179, 106, -472
-179, 106, -472
-167, 114, -472
-167, 114, -472
-162, 124, -474
-162, 124, -474
-142, 137, -472
-142, 137, -472
-142, 137, -472
-128, 139, -477
-128, 139, -477
-124, 141, -470
-124, 141, -470
-104, 154, -473
-104, 154, -473
-104, 154, -473
-91, 155, -474
-91, 155, -474
-78, 154, -472
-78, 154, -472
-64, 161, -476
-64, 161, -476
-47, 162, -473
-47, 162, -473
-47, 162, -473
-35, 160, -481
-35, 160, -481
-28, 158, -473
-28, 158, -473
-5, 159, -478
-5, 159, -478
-5, 156, -478
4, 156, -479
4, 156, -479
15, 149, -472
15, 149, -472
31, 147, -481
31, 147, -481
46, 143, -475
46, 143, -475
46, 143, -475
56, 136, -484
56, 136, -484
72, 125, -478
72, 125, -478
78, 127, -480
78, 127, -480
78, 110, -480
95, 110, -482
95, 110, -482
104, 100, -480
104, 100, -480
113, 90, -483
113, 90, -483
128, 77, -481
128, 77, -481
128, 77, -481
132, 65, -487
132, 65, -487
137, 54, -481
137, 54, -481
144, 45, -483
144, 45, -483
144, 28, -486
154, 28, -486
154, 28, -486
156, 16, -484
156, 16, -484
158, 2, -487
158, 2, -487
161, -11, -483
161, -11, -483
161, -11, -483
162, -34, -491
162, -34, -491
162, -41, -486
162, -41, -486
162, -58, -487
162, -58, -487
162, -68, -489
160, -68, -489
160, -68, -489
156, -91, -486
156, -91, -486
154, -102, -492
154, -102, -492
149, -109, -486
149, -109, -486
149, -109, -486
140, -131, -494
140, -131, -494
137, -138, -488
137, -138, -488
130, -153, -491
130, -153, -491
118, -165, -491
118, -165, -491
118, -165, -491
113, -175, -487
113, -175, -487
100, -186, -491
100, -186, -491
86, -199, -487
86, -199, -487
86, -199, -487
77, -205, -494
77, -205, -494
64, -216, -486
64, -216, -486
44, -224, -489
44, -224, -489
36, -227, -490
36, -227, -490
36, -227, -490
19, -234, -488
19, -234, -488
12, -240, -489
12, -240, -489
-8, -239, -484
-8, -239, -484
-8, -239, -484
-26, -244, -490
-26, -244, -490
-34, -246, -481
-34, -246, -481
-52, -247, -485
-52, -247, -485
-68, -241, -485
-68, -241, -485
-68, -241, -485
-82, -246, -485
-82, -246, -485
-93, -244, -484
-93, -244, -484
-109, -236, -480
-109, -236, -480
-109, -236, -480
-127, -229, -484
-127, -229, -484
-136, -227, -478
-136, -227, -478
-151, -220, -480
-151, -220, -480
-162, -206, -481
-162, -206, -481
-162, -206, -481
-176, -202, -478
-176, -202, -478
-185, -193, -482
-185, -193, -482
-197, -181, -476
-197, -181, -476
-197, -164, -476
-206, -164, -480
-206, -164, -480
-216, -160, -472
-216, -160, -472
-222, -148, -476
-222, -148, -476
-236, -116, -472
-236, -105, -476
-236, -105, -476
-236, -105, -476
-242, -93, -468
-242, -93, -468
-242, -87, -470
-242, -87, -470
-245, -63, -471
-245, -63, -471
-245, -63, -471
-245, -47, -470
-245, -47, -470
-244, -40, -469
-244, -40, -469
-244, -24, -466
-244, -24, -466
-240, -1, -473
-240, -1, -473
-240, -1, -473
-237, 7, -465
-237, 7, -465
-234, 16, -467
-234, 16, -467
-229, 33, -467
-229, 33, -467
-229, 48, -467
-221, 48, -467
-221, 48, -467
-212, 57, -468
-212, 57, -468
-207, 68, -463
-207, 68, -463
-194, 88, -471
-194, 88, -471
-194, 88, -471
-185, 92, -466
-185, 92, -466
-178, 97, -468
-178, 97, -468
-166, 112, -467
-166, 112, -467
-166, 120, -467
-152, 120, -469
-152, 120, -469
-143, 123, -470
-143, 123, -470
-133, 129, -465
-133, 129, -465
-117, 142, -472
-117, 142, -472
-117, 142, -472
-101, 142, -469
-101, 142, -469
-90, 144, -471
-90, 144, -471
-79, 150, -469
-79, 150, -469
-79, 152, -474
-55, 152, -474
-55, 152, -474
-58, 152, -461
-58, 152, -461
-45, 151, -462
-45, 151, -462
-27, 158, -466
-27, 158, -466
-27, 158, -466
-15, 153, -460
-15, 153, -460
-4, 148, -464
-4, 148, -464
13, 150, -464
13, 150, -464
32, 142, -469
32, 142, -469
32, 142, -469
45, 134, -471
45, 134, -471
56, 128, -468
56, 128, -468
68, 123, -473
68, 123, -473
68, 123, -473
80, 115, -469
80, 115, -469
87, 104, -473
87, 104, -473
99, 100, -471
99, 100, -471
111, 88, -473
111, 88, -473
111, 88, -473
121, 72, -475
121, 72, -475
126, 65, -468
126, 65, -468
130, 66, -467
130, 66, -467
130, 66, -467
143, 39, -471
143, 39, -471
145, 36, -465
145, 36, -465
151, 16, -475
151, 16, -475
156, 1, -478
156, 1, -478
156, 1, -478
158, -17, -477
158, -17, -477
161, -36, -476
161, -36, -476
159, -39, -480
159, -39, -480
159, -39, -480
159, -60, -476
159, -60, -476
156, -81, -480
156, -81, -480
154, -85, -479
154, -85, -479
149, -102, -481
149, -102, -481
149, -102, -481
150, -114, -479
150, -114, -479
140, -133, -478
140, -133, -478
133, -139, -484
133, -139, -484
133, -154, -484
125, -154, -476
125, -154, -476
113, -172, -480
113, -172, -480
104, -178, -484
104, -178, -484
89, -192, -487
89, -192, -487
89, -192, -487
74, -206, -486
74, -206, -486
64, -216, -483
64, -216, -483
52, -216, -489
52, -216, -489
52, -224, -489
41, -224, -480
41, -224, -480
25, -232, -484
25, -232, -484
12, -236, -484
12, -236, -484
-2, -238, -484
-2, -238, -484
-2, -238, -484
-26, -243, -482
-26, -243, -482
-35, -249, -480
-35, -249, -480
-46, -243, -485
-46, -243, -485
-46, -242, -479
-64, -242, -479
-64, -242, -479
-75, -243, -481
-75, -243, -481
-93, -242, -479
-93, -242, -479
-103, -236, -481
-103, -236, -481
-103, -236, -481
-122, -230, -480
-122, -230, -480
-133, -229, -475
-133, -229, -475
-141, -222, -479
-141, -222, -479
-163, -207, -473
-163, -207, -473
-163, -207, -473
-172, -205, -475
-172, -205, -475
-184, -195, -471
-184, -195, -471
-191, -186, -473
-191, -186, -473
-191, -186, -473
-201, -172, -472
-201, -172, -472
-211, -168, -470
-211, -168, -470
-214, -156, -474
-214, -156, -474
-224, -133, -469
-224, -133, -469
-224, -133, -469
-231, -124, -471
-231, -124, -471
-231, -138, -455
-229, -138, -455
-229, -138, -455
-236, -122, -451
-236, -122, -451
-236, -122, -451
-242, -103, -456
-242, -103, -456
-244, -100, -449
-244, -100, -449
-248, -78, -450
-248, -78, -450
-248, -64, -451
-248, -64, -451
-248, -64, -451
-250, -52, -449
-250, -52, -449
-250, -43, -449
-250, -43, -449
-248, -18, -447
-248, -18, -447
-248, -18, -447
-244, -8, -454
-244, -8, -454
-243, 0, -446
-243, 0, -446
-239, 23, -448
-239, 23, -448
-232, 31, -448
-232, 31, -448
-232, 31, -448
-224, 47, -448
-224, 47, -448
-220, 56, -448
-220, 56, -448
-212, 73, -445
-212, 73, -445
-212, 73, -445
-198, 86, -453
-198, 86, -453
-197, 82, -445
-197, 82, -445
-182, 105, -448
-182, 105, -448
-170, 114, -450
-170, 114, -450
-170, 114, -450
-160, 120, -449
-160, 120, -449
-151, 125, -449
-151, 125, -449
-135, 140, -447
-135, 140, -447
-135, 140, -447
-120, 143, -454
-120, 143, -454
-112, 144, -446
-112, 144, -446
-94, 155, -450
-94, 155, -450
-83, 156, -454
-83, 156, -454
-83, 156, -454
-69, 156, -453
-69, 156, -453
-58, 156, -453
-58, 156, -453
-41, 163, -450
-41, 163, -450
-41, 163, -450
-22, 160, -457
-22, 160, -457
-13, 153, -452
-13, 153, -452
7, 156, -455
7, 156, -455
18, 154, -456
18, 154, -456
18, 154, -456
32, 146, -458
32, 146, -458
42, 141, -459
42, 141, -459
58, 138, -457
58, 138, -457
58, 133, -457
72, 133, -463
72, 133, -463
81, 121, -456
81, 121, -456
96, 111, -461
96, 111, -461
105, 108, -460
105, 108, -460
105, 108, -460
119, 89, -465
119, 89, -465
125, 78, -465
125, 78, -465
135, 71, -462
135, 71, -462
135, 55, -462
144, 55, -468
144, 55, -468
149, 40, -464
149, 40, -464
154, 29, -467
154, 29, -467
159, 16, -467
159, 16, -467
159, 16, -467
165, -6, -469
165, -6, -469
166, -18, -471
166, -18, -471
168, -27, -466
168, -27, -466
168, -48, -474
167, -48, -474
167, -48, -474
166, -61, -468
166, -61, -468
165, -75, -471
165, -75, -471
164, -84, -470
164, -84, -470
164, -84, -470
158, -108, -472
158, -108, -472
151, -124, -473
151, -124, -473
150, -127, -469
150, -127, -469
136, -151, -476
136, -151, -476
136, -151, -476
132, -160, -469
132, -160, -469
123, -173, -472
123, -173, -472
112, -183, -473
112, -183, -473
112, -183, -473
98, -199, -473
98, -199, -473
88, -207, -471
88, -207, -471
80, -213, -470
80, -213, -470
58, -226, -475
58, -226, -475
58, -226, -475
47, -233, -469
47, -233, -469
35, -242, -470
35, -242, -470
19, -243, -470
19, -243, -470
19, -243, -470
-2, -251, -470
-2, -251, -470
-12, -254, -466
-12, -254, -466
-29, -254, -466
-29, -254, -466
-46, -259, -471
-46, -259, -471
-46, -259, -471
-59, -255, -464
-59, -255, -464
-75, -260, -465
-75, -260, -465
-89, -248, -467
-89, -248, -467
-89, -248, -467
-109, -249, -464
-109, -249, -464
-112, -243, -462
-112, -243, -462
-141, -237, -461
-141, -237, -461
-150, -230, -466
-150, -230, -466
-150, -230, -466
-163, -222, -459
-163, -222, -459
-179, -217, -461
-179, -217, -461
-185, -206, -461
-185, -206, -461
-185, -206, -461
-196, -194, -460
-196, -194, -460
-211, -181, -458
-211, -181, -458
-222, -170, -455
-222, -170, -455
-230, -156, -461
-230, -156, -461
-230, -156, -461
-242, -114, -466
-243, -111, -466
-243, -111, -466
-247, -98, -462
-247, -98, -462
-249, -79, -468
-249, -79, -468
-249, -79, -468
-250, -63, -464
-250, -63, -464
-251, -55, -467
-251, -55, -467
-250, -36, -463
-250, -36, -463
-250, -14, -464
-249, -14, -464
-249, -14, -464
-245, -6, -464
-245, -6, -464
-243, 7, -459
-243, 7, -459
-242, 17, -460
-242, 17, -460
-242, 17, -460
-236, 32, -456
-236, 32, -456
-230, 41, -457
-230, 41, -457
-226, 53, -457
-226, 53, -457
-216, 71, -458
-216, 71, -458
-216, 71, -458
-208, 76, -457
-208, 76, -457
-201, 87, -452
-201, 87, -452
-187, 104, -459
-187, 104, -459
-187, 104, -459
-176, 111, -453
-176, 111, -453
-166, 116, -458
-166, 116, -458
-156, 128, -455
-156, 128, -455
-138, 138, -458
-138, 138, -458
-138, 138, -458
-127, 138, -459
-127, 138, -459
-123, 145, -445
-123, 145, -445
-111, 153, -454
-111, 153, -454
-111, 153, -454
-91, 156, -450
-91, 156, -450
-77, 156, -449
-77, 156, -449
-74, 162, -446
-74, 162, -446
-53, 165, -451
-53, 165, -451
-53, 165, -451
-41, 160, -453
-41, 160, -453
-26, 162, -450
-26, 162, -450
-6, 161, -458
-6, 161, -458
-6, 161, -458
16, 154, -458
16, 154, -458
17, 154, -448
17, 154, -448
36, 152, -450
36, 152, -450
45, 149, -451
45, 149, -451
45, 149, -451
64, 138, -456
64, 138, -456
76, 126, -458
76, 126, -458
87, 123, -463
87, 123, -463
87, 108, -463
102, 108, -459
102, 108, -459
112, 94, -464
112, 94, -464
119, 93, -458
119, 93, -458
132, 72, -469
132, 72, -469
132, 72, -469
139, 55, -471
139, 55, -471
146, 43, -465
146, 43, -465
151, 39, -466
151, 39, -466
151, 20, -466
158, 20, -468
158, 20, -468
161, 1, -472
161, 1, -472
163, -10, -470
163, -10, -470
167, -22, -473
167, -22, -473
167, -22, -473
167, -41, -474
167, -41, -474
166, -57, -473
166, -57, -473
164, -67, -477
164, -67, -477
164, -86, -470
161, -86, -470
161, -86, -470
158, -102, -476
158, -102, -476
159, -106, -469
159, -106, -469
147, -128, -476
147, -128, -476
147, -128, -476
140, -140, -476
140, -140, -476
133, -156, -474
133, -156, -474
126, -162, -479
126, -162, -479
115, -176, -474
115, -176, -474
115, -176, -474
97, -195, -481
97, -195, -481
88, -204, -478
88, -204, -478
74, -212, -481
74, -212, -481
74, -212, -481
61, -220, -481
61, -220, -481
46, -233, -477
46, -233, -477
35, -234, -483
35, -234, -483
16, -239, -477
16, -239, -477
16, -239, -477
2, -245, -480
2, -245, -480
-10, -249, -477
-10, -249, -477
-28, -249, -479
-28, -249, -479
-28, -249, -479
-44, -250, -477
-44, -250, -477
-58, -253, -472
-58, -253, -472
-71, -250, -478
-71, -250, -478
-90, -245, -473
-90, -245, -473
-90, -245, -473
-104, -245, -476
-104, -245, -476
-116, -242, -471
-116, -242, -471
-131, -233, -474
-131, -233, -474
-131, -233, -474
-145, -226, -472
-145, -226, -472
-159, -224, -468
-159, -224, -468
-168, -215, -473
-168, -215, -473
-182, -203, -469
-182, -203, -469
-182, -203, -469
-192, -194, -471
-192, -194, -471
-199, -191, -467
-199, -191, -467
-211, -170, -470
-211, -170, -470
-211, -170, -470
-221, -158, -469
-221, -158, -469
-229, -147, -464
-229, -147, -464
-234, -134, -468
-234, -134, -468
-239, -116, -465
-242, -113, -467
-242, -113, -467
-242, -113, -467
-246, -96, -466
-246, -96, -466
-247, -84, -467
-247, -84, -467
-249, -67, -463
-249, -67, -463
-249, -67, -463
-251, -46, -468
-251, -46, -468
-251, -38, -461
-251, -38, -461
-250, -22, -464
-250, -22, -464
-245, -5, -463
-245, -5, -463
-245, -5, -463
-242, 7, -463
-242, 7, -463
-240, 16, -464
-240, 16, -464
-235, 34, -461
-235, 34, -461
-235, 34, -461
-227, 48, -466
-227, 48, -466
-220, 57, -460
-220, 57, -460
-213, 71, -462
-213, 71, -462
-201, 85, -464
-201, 85, -464
-201, 85, -464
-191, 95, -464
-191, 95, -464
-183, 100, -465
-183, 100, -465
-171, 116, -461
-171, 116, -461
-171, 123, -461
-158, 123, -466
-158, 123, -466
-147, 127, -460
-147, 127, -460
-136, 137, -463
-136, 137, -463
-120, 145, -465
-120, 145, -465
-120, 145, -465
-105, 147, -466
-105, 147, -466
-96, 148, -467
-96, 148, -467
-80, 158, -462
-80, 158, -462
-80, 158, -469
-63, 158, -469
-63, 158, -469
-51, 156, -465
-51, 156, -465
-41, 159, -465
-41, 159, -465
-26, 160, -467
-26, 160, -467
-26, 160, -467
-6, 155, -470
-6, 155, -470
3, 151, -470
3, 151, -470
20, 151, -466
20, 151, -466
36, 146, -474
36, 146, -474
36, 146, -474
48, 137, -469
48, 137, -469
58, 134, -471
58, 134, -471
71, 129, -471
71, 129, -471
71, 129, -471
85, 118, -473
85, 118, -473
93, 107, -473
93, 107, -473
105, 100, -470
105, 100, -470
115, 91, -478
115, 91, -478
115, 91, -478
125, 76, -473
125, 76, -473
131, 67, -476
131, 67, -476
138, 58, -475
138, 58, -475
138, 58, -475
147, 40, -476
147, 40, -476
150, 27, -476
150, 27, -476
154, 19, -474
154, 19, -474
159, 1, -482
159, 1, -482
159, 1, -482
163, -18, -476
163, -18, -476
163, -32, -479
163, -32, -479
161, -40, -479
161, -40, -479
161, -40, -479
162, -60, -479
162, -60, -479
161, -77, -479
161, -77, -479
157, -89, -478
157, -89, -478
153, -99, -484
153, -99, -484
153, -99, -484
151, -117, -479
151, -117, -479
145, -131, -482
145, -131, -482
140, -140, -481
140, -140, -481
140, -157, -481
129, -157, -481
129, -157, -481
120, -170, -480
120, -170, -480
109, -183, -477
109, -183, -477
98, -191, -485
98, -191, -485
98, -191, -485
86, -204, -478
86, -204, -478
76, -212, -482
76, -212, -482
67, -217, -481
67, -217, -481
67, -227, -479
47, -227, -479
47, -227, -479
34, -235, -478
34, -235, -478
22, -241, -476
22, -241, -476
5, -242, -482
5, -242, -482
5, -242, -482
-11, -248, -476
-11, -248, -476
-24, -251, -478
-24, -251, -478
-38, -249, -476
-38, -249, -476
-57, -248, -478
-57, -248, -478
-57, -248, -478
-68, -251, -474
-68, -251, -474
-81, -251, -472
-81, -251, -472
-100, -243, -478
-100, -243, -478
-100, -243, -478
-115, -240, -472
-115, -240, -472
-129, -238, -473
-129, -238, -473
-141, -229, -472
-141, -229, -472
-157, -219, -473
-157, -219, -473
-157, -219, -473
-168, -214, -471
-168, -214, -471
-179, -207, -468
-179, -207, -468
-190, -195, -473
-190, -195, -473
-190, -195, -473
-202, -183, -467
-202, -183, -467
-210, -174, -469
-210, -174, -469
-217, -163, -468
-217, -163, -468
-228, -145, -468
-228, -145, -468
-228, -145, -468
-233, -134, -466
-233, -134, -466
-240, -124, -464
-241, -128, -462
-241, -128, -462
-245, -114, -461
-245, -114, -461
-245, -114, -461
-248, -107, -456
-248, -107, -456
-255, -108, -447
-255, -108, -447
-255, -81, -461
-255, -81, -461
-260, -76, -447
-260, -76, -447
-260, -76, -447
-256, -47, -460
-256, -47, -460
-257, -37, -456
-257, -37, -456
-256, -19, -456
-256, -19, -456
-256, -19, -456
-252, -8, -449
-252, -8, -449
-255, 0, -453
-255, 0, -453
-244, 23, -458
-244, 23, -458
-238, 43, -454
-238, 43, -454
-238, 43, -454
-229, 53, -459
-229, 53, -459
-226, 58, -450
-226, 58, -450
-217, 79, -455
-217, 79, -455
-217, 90, -455
-207, 90, -455
-207, 90, -455
-199, 96, -455
-199, 96, -455
-188, 108, -456
-188, 108, -456
-179, 121, -453
-179, 121, -453
-179, 121, -453
-162, 126, -460
-162, 126, -460
-152, 133, -454
-152, 133, -454
-138, 145, -456
-138, 145, -456
-138, 150, -446
-135, 150, -446
-135, 150, -446
-108, 153, -456
-108, 153, -456
-105, 159, -446
-105, 159, -446
-90, 166, -449
-90, 166, -449
-90, 166, -449
-69, 167, -456
-69, 167, -456
-56, 165, -446
-56, 165, -446
-35, 169, -459
-35, 169, -459
-19, 167, -461
-19, 167, -461
-19, 167, -461
-3, 161, -461
-3, 161, -461
8, 160, -462
8, 160, -462
24, 159, -458
24, 159, -458
24, 159, -458
44, 147, -472
44, 147, -472
54, 141, -465
54, 141, -465
67, 139, -468
67, 139, -468
83, 130, -471
83, 130, -471
83, 130, -471
97, 115, -472
97, 115, -472
104, 107, -473
104, 107, -473
116, 99, -470
116, 99, -470
116, 99, -470
126, 84, -476
126, 84, -476
132, 73, -470
132, 73, -470
141, 67, -474
141, 67, -474
149, 52, -476
149, 52, -476
149, 52, -476
157, 31, -476
157, 31, -476
159, 19, -477
159, 19, -477
165, 7, -475
165, 7, -475
165, 7, -475
168, -7, -480
168, -7, -480
168, -24, -475
168, -24, -475
169, -38, -477
169, -38, -477
169, -53, -480
169, -53, -480
169, -53, -480
169, -70, -479
169, -70, -479
168, -83, -482
168, -83, -482
162, -99, -477
162, -99, -477
162, -113, -477
158, -113, -481
158, -113, -481
151, -130, -477
151, -130, -477
145, -143, -480
145, -143, -480
137, -153, -481
137, -153, -481
137, -153, -481
128, -172, -481
128, -172, -481
117, -182, -482
117, -182, -482
109, -191, -477
109, -191, -477
109, -201, -483
98, -201, -483
98, -201, -483
82, -214, -477
82, -214, -477
73, -222, -480
73, -222, -480
57, -227, -479
57, -227, -479
57, -227, -479
41, -238, -480
41, -238, -480
28, -245, -479
28, -245, -479
13, -249, -475
13, -249, -475
252, -251, -481
-4, -251, -481
-4, -251, -481
-17, -256, -474
-17, -256, -474
-31, -258, -476
-31, -258, -476
-49, -255, -476
-49, -255, -476
-49, -255, -476
-68, -255, -476
-68, -255, -476
-81, -257, -474
-81, -257, -474
-96, -252, -471
-96, -252, -471
-111, -245, -477
-111, -245, -477
-111, -245, -477
-126, -242, -469
-126, -242, -469
-138, -239, -471
-138, -239, -471
-151, -230, -471
-151, -230, -471
-151, -230, -471
-168, -221, -470
-168, -221, -470
-176, -220, -469
-176, -220, -469
-190, -205, -466
-190, -205, -466
-202, -188, -473
-202, -188, -473
-202, -188, -473
-211, -182, -465
-211, -182, -465
-220, -172, -467
-220, -172, -467
-227, -156, -467
-227, -156, -467
-227, -156, -467
-236, -140, -467
